=== 相机内参矩阵 (Camera Matrix) ===
  687.052513  0.000000  338.796971
  0.000000  687.588906  276.348578
  0.000000  0.000000  1.000000

=== 畸变系数 (Distortion Coefficients) ===
  0.377212  -1.343013  0.002381  0.002134  1.355140

=== 图像 1 的外参 ===
旋转向量 rvec:
  0.295243  -0.572705  -0.074254
旋转矩阵 R:
  0.839012  -0.012464  -0.543970
  -0.150778  0.955261  -0.254446
  0.522805  0.295501  0.799596
平移向量 tvec:
  27.882488  -20.733799  654.975817

=== 图像 2 的外参 ===
旋转向量 rvec:
  -0.200924  -0.158608  -0.039192
旋转矩阵 R:
  0.986728  0.054601  -0.152925
  -0.022910  0.979164  0.201777
  0.160756  -0.195595  0.967419
平移向量 tvec:
  51.527051  -67.711468  832.800609

=== 图像 3 的外参 ===
旋转向量 rvec:
  0.193494  -0.509871  -1.418904
旋转矩阵 R:
  0.066059  0.891698  -0.447784
  -0.972762  0.157482  0.170097
  0.222193  0.424351  0.877813
平移向量 tvec:
  -22.582581  113.306520  736.754276

=== 图像 4 的外参 ===
旋转向量 rvec:
  -0.119703  0.186412  0.049143
旋转矩阵 R:
  0.981497  -0.059832  0.181888
  0.037613  0.991664  0.123239
  -0.187745  -0.114117  0.975566
平移向量 tvec:
  -55.247038  -86.586920  504.848323

=== 图像 5 的外参 ===
旋转向量 rvec:
  0.087623  -0.537389  1.175578
旋转矩阵 R:
  0.275115  -0.893671  -0.354491
  0.852812  0.397078  -0.339178
  0.443874  -0.209001  0.871375
平移向量 tvec:
  41.558003  -151.788458  482.173491

=== 图像 6 的外参 ===
旋转向量 rvec:
  -0.108566  -0.223248  -1.542521
旋转矩阵 R:
  0.013215  0.997107  -0.074858
  -0.977416  0.028672  0.209372
  0.210913  0.070401  0.974966
平移向量 tvec:
  -76.867727  125.716315  614.759642

=== 图像 7 的外参 ===
旋转向量 rvec:
  -0.204551  0.003562  0.041747
旋转矩阵 R:
  0.999125  -0.041807  -0.000718
  0.041081  0.978287  0.203142
  -0.007790  -0.202994  0.979149
平移向量 tvec:
  11.328337  -81.849216  684.799900

=== 图像 8 的外参 ===
旋转向量 rvec:
  -0.072233  0.858137  -0.071450
旋转矩阵 R:
  0.651752  0.033773  0.757680
  -0.091996  0.995152  0.034776
  -0.752832  -0.092369  0.651699
平移向量 tvec:
  -19.656435  -11.536088  757.793593

=== 图像 9 的外参 ===
旋转向量 rvec:
  -0.209642  0.418004  -0.579508
旋转矩阵 R:
  0.756302  0.485588  0.438419
  -0.569244  0.818724  0.075174
  -0.322441  -0.306422  0.895621
平移向量 tvec:
  -89.746225  -14.348320  545.061605

=== 图像 10 的外参 ===
旋转向量 rvec:
  -0.304384  -0.565159  0.209827
旋转矩阵 R:
  0.825086  -0.111444  -0.553907
  0.277031  0.934219  0.224695
  0.492430  -0.338842  0.801685
平移向量 tvec:
  -112.553105  -68.844377  518.955701

=== 图像 11 的外参 ===
旋转向量 rvec:
  0.029041  -0.077930  -0.045675
旋转矩阵 R:
  0.995923  0.044476  -0.078475
  -0.046738  0.998536  -0.027219
  0.077150  0.030776  0.996544
平移向量 tvec:
  93.412205  -264.205365  811.786038

=== 图像 12 的外参 ===
旋转向量 rvec:
  0.127505  -0.424862  -0.052720
旋转矩阵 R:
  0.909870  0.024345  -0.414178
  -0.077623  0.990639  -0.112293
  0.407567  0.134321  0.903243
平移向量 tvec:
  -291.093755  -257.928136  757.730494

=== 图像 13 的外参 ===
旋转向量 rvec:
  -0.213784  -0.265127  0.041271
旋转矩阵 R:
  0.964354  -0.012403  -0.264325
  0.068529  0.976528  0.204197
  0.255589  -0.215032  0.942569
平移向量 tvec:
  -28.900837  -66.984895  465.601808

=== 图像 14 的外参 ===
旋转向量 rvec:
  -0.011402  0.167836  1.479327
旋转矩阵 R:
  0.081898  -0.991056  0.105363
  0.989470  0.093512  0.110472
  -0.119336  0.095206  0.988279
平移向量 tvec:
  -161.736697  -108.202090  751.599115

=== 图像 15 的外参 ===
旋转向量 rvec:
  -0.231881  0.100627  0.882187
旋转矩阵 R:
  0.632709  -0.774346  -0.008216
  0.752605  0.612377  0.242035
  -0.182388  -0.159321  0.970233
平移向量 tvec:
  20.458802  -153.053585  576.688585

=== 图像 16 的外参 ===
旋转向量 rvec:
  -0.130625  -0.336573  0.024932
旋转矩阵 R:
  0.943667  -0.002648  -0.330885
  0.046135  0.991254  0.123642
  0.327664  -0.131942  0.935536
平移向量 tvec:
  -316.578227  35.759993  792.046983

=== 图像 17 的外参 ===
旋转向量 rvec:
  0.044053  -0.125849  -0.052064
旋转矩阵 R:
  0.990742  0.049119  -0.126564
  -0.054654  0.997678  -0.040632
  0.124275  0.047173  0.991126
平移向量 tvec:
  79.061852  44.463138  776.789240

=== 图像 18 的外参 ===
旋转向量 rvec:
  0.290599  -0.400036  1.528272
旋转矩阵 R:
  -0.001571  -0.997500  -0.070655
  0.904191  0.028762  -0.426159
  0.427126  -0.064555  0.901885
平移向量 tvec:
  164.146540  -78.604280  479.789539

=== 图像 19 的外参 ===
旋转向量 rvec:
  -0.315607  0.138407  -0.081781
旋转矩阵 R:
  0.987212  0.058468  0.148302
  -0.101695  0.947405  0.303449
  -0.122760  -0.314650  0.941236
平移向量 tvec:
  -59.801995  -38.644595  538.830823

=== 图像 20 的外参 ===
旋转向量 rvec:
  0.012813  -0.212170  -1.432589
旋转矩阵 R:
  0.122287  0.980618  -0.153082
  -0.982893  0.141057  0.118420
  0.137718  0.135982  0.981092
平移向量 tvec:
  141.291744  115.408015  775.232814

=== 图像 21 的外参 ===
旋转向量 rvec:
  -0.261011  0.493235  -1.458505
旋转矩阵 R:
  0.036860  0.881625  0.470508
  -0.986239  0.108025  -0.125151
  -0.161163  -0.459421  0.873475
平移向量 tvec:
  58.309299  103.011638  732.878090

=== 图像 22 的外参 ===
旋转向量 rvec:
  0.080426  0.139746  0.029991
旋转矩阵 R:
  0.989809  -0.024250  0.140324
  0.035464  0.996324  -0.077975
  -0.137917  0.082157  0.987030
平移向量 tvec:
  -23.980649  -179.856667  567.483378

=== 图像 23 的外参 ===
旋转向量 rvec:
  0.432243  -0.659693  -1.396380
旋转矩阵 R:
  0.042121  0.755724  -0.653534
  -0.984763  0.141866  0.100580
  0.168725  0.639339  0.750185
平移向量 tvec:
  -20.192326  101.547688  730.976199

=== 图像 24 的外参 ===
旋转向量 rvec:
  0.316577  0.648565  1.520593
旋转矩阵 R:
  -0.072795  -0.817112  0.571864
  0.978312  0.052987  0.200244
  -0.193923  0.574038  0.795534
平移向量 tvec:
  171.812132  -103.305430  521.939762

=== 图像 25 的外参 ===
旋转向量 rvec:
  -0.435885  -0.075425  1.425965
旋转矩阵 R:
  0.156325  -0.938607  -0.307539
  0.965812  0.080067  0.246567
  -0.206806  -0.335570  0.919034
平移向量 tvec:
  -18.089653  -115.174696  562.404403

=== 图像 26 的外参 ===
旋转向量 rvec:
  0.114073  -0.634441  1.626360
旋转矩阵 R:
  -0.172698  -0.942694  -0.285490
  0.886996  -0.022818  -0.461214
  0.428269  -0.332879  0.840106
平移向量 tvec:
  171.451539  -39.029938  623.248947
